2931
59600 88148 226
97646 46505 226
68591 65807 226
40773 15359 38
25379 106720 226
59867 95380 226
85709 3639 21
88404 101420 249
44669 25163 104
24247 39089 67
64719 86549 226
94911 104370 61
25538 68056 104
92338 35624 104
25627 79971 226
5305 41839 226
6536 57613 226
33842 91531 105
91459 33342 226
51773 37382 346
30764 35142 226
24967 74136 249
28138 13642 104
105719 39167 376
29335 47223 21
50530 35914 21
47148 55005 105
21921 17997 21
106245 37018 14
73364 73887 226
105220 38642 104
30667 15522 21
40213 65727 104
3765 44152 256
68677 95898 160
65027 29165 274
3246 22569 14
32403 42911 14
46215 40756 260
8762 1504 249
14533 96460 249
64803 49428 47
21632 98898 228
40057 74987 226
86260 45561 274
41945 101923 260
2139 50300 292
78447 57446 128
77976 106855 14
27785 50611 61
97574 10267 226
12681 33299 21
13575 65923 274
10980 36215 14
64661 95254 67
64319 77949 387
32829 84594 104
25110 63313 104
67980 102514 387
76726 76514 226
107083 30861 226
1279 5333 249
67471 61966 226
19619 59682 104
17134 13685 104
52253 16426 160
10618 106585 303
75199 18736 274
59349 95736 364
73399 79973 21
11688 26347 346
66919 48141 226
74676 12874 226
104377 66376 226
15047 30456 226
90371 18451 160
37485 50467 104
45559 24967 104
93907 54559 38
42775 81060 226
68341 55762 249
4867 56716 249
54801 104297 104
32752 51633 149
15044 69362 104
65315 21387 74
46098 5472 226
45486 44006 21
12125 19246 104
88153 88390 346
67542 21577 74
97827 61632 38
61660 28515 104
99843 51329 21
35657 73667 104
61199 70371 226
74000 96304 387
24367 85483 104
57889 73838 104
28154 58044 21
30645 106058 215
13685 17134 226
52423 90020 226
100074 49720 249
104926 88710 104
100958 13837 104
50485 38339 128
73495 92556 346
65906 20298 104
75675 40599 226
19254 71319 226
1040 49335 226
8969 60539 274
65460 9920 104
30145 30958 226
54182 12537 38
17804 27973 104
78442 33351 13
43304 6759 149
97530 67952 128
75759 30283 88
82139 89553 226
78334 14669 247
81109 73638 212
86640 49615 249
86780 40822 105
99646 39835 226
21196 83334 104
104438 82660 21
28592 47419 74
106998 14266 104
97511 37996 249
47727 77024 14
106235 31286 226
76448 15359 38
76476 32716 226
24528 77420 38
52996 96193 226
102661 40114 249
4592 106960 61
31617 36228 128
20608 97586 226
27114 86465 226
59838 49322 274
50993 68032 104
85972 92127 160
87142 83169 212
56529 68122 249
65276 106619 145
42154 18629 128
1168 50300 303
77780 97109 274
85285 57164 104
84755 26088 160
41456 64031 104
20598 82164 226
92382 38401 128
96711 10709 289
85191 21911 104
67958 35890 226
2710 92585 226
76229 82704 235
61810 38590 63
47935 14357 249
23488 53985 61
30502 105482 249
26129 18206 104
32422 65824 226
103203 59149 346
47093 44653 104
106832 86282 104
23887 14728 186
103294 45010 228
46442 9913 387
13825 100908 32
12707 82237 14
24344 76251 21
65788 76461 128
20572 26180 105
105240 5018 249
76457 92388 226
58672 19602 289
9862 84172 204
97833 84551 226
66683 13042 128
60756 29657 228
101599 38401 128
102921 54431 128
75096 81598 104
106786 90658 226
92094 9642 226
51301 82355 104
35339 37468 104
79787 11609 226
103205 76124 14
57044 80061 226
93826 47054 346
81763 11567 128
35142 30764 104
35104 14259 104
87349 83363 387
8413 46736 226
34049 32808 104
26089 10475 346
70775 85397 346
17035 71784 134
6924 31887 226
99399 61561 128
72877 89760 105
25563 43640 104
76589 56810 104
99906 14798 226
79971 95908 226
26306 12636 104
32355 34829 105
45318 48324 104
36145 103775 249
2010 62058 63
95121 35845 346
6754 86656 212
72530 32680 226
53966 78804 1
56362 27064 160
31934 103788 32
43323 91023 338
102311 39403 364
69113 32870 226
32890 67235 104
46525 68249 21
39546 71953 303
81942 106302 104
77848 102024 105
73951 32464 249
29542 17381 303
44650 24045 249
69720 97931 346
92753 33454 228
33825 83838 226
33318 99084 104
31819 4969 346
104970 27745 371
99675 43633 226
58381 105023 67
30520 42604 104
31294 84132 21
57547 23867 346
13226 85562 228
62442 50740 249
94558 85660 104
38342 43050 47
10235 7517 14
75277 89282 104
50516 92928 128
19474 79937 14
99940 82944 145
27010 83169 226
59830 101827 387
42586 83336 346
78071 79709 274
37002 41010 128
61968 40615 104
1000 21609 289
82762 4225 376
27196 101259 104
79708 46782 226
30495 57288 163
90458 30351 88
39754 7184 226
89030 72524 226
7799 29600 104
90591 59505 375
100675 88613 226
92697 70583 104
37910 52176 346
56976 77059 104
69852 65912 14
23399 85947 30
63694 86586 226
67323 70431 105
82608 4584 346
75896 8015 24
85451 86072 105
4365 73263 104
24452 105055 226
31661 47080 105
60520 37998 105
54003 24696 104
59389 22461 212
91714 23820 249
35540 27070 104
180 73285 303
62511 80509 128
42589 71034 128
46819 42281 226
91746 83352 104
78260 82245 21
35036 74905 47
91023 69199 338
41785 56138 32
47289 29166 21
87880 87798 104
96466 1159 104
74462 64162 21
89068 22038 117
99816 86599 274
38339 59521 38
23949 66342 38
99715 100198 346
11057 8204 226
19735 49955 104
4079 63849 226
43386 13343 204
73196 267 104
12299 96193 226
31969 104899 249
28306 100433 128
56573 73302 82
7847 19641 375
94952 36413 226
32392 61244 226
96274 26213 104
64642 15359 38
77103 31142 21
65374 85524 104
44350 34439 226
6292 99317 303
39572 101432 376
35211 102289 104
50085 13626 387
94408 101343 249
1180 95758 338
94456 76619 274
47202 36215 387
30064 80951 104
45209 105488 387
92717 88483 346
18102 55769 74
5876 16380 226
89208 13725 105
95320 92956 226
35276 16433 117
89030 18856 104
26634 35281 104
24578 93341 364
73038 20867 274
12752 53476 104
86057 90462 104
40762 61458 226
54874 47568 117
20647 40275 249
49869 58647 364
2537 52493 226
71869 85562 228
104231 18515 346
65580 53908 117
80328 71151 226
76681 27202 346
72480 78853 226
30456 97867 226
15207 29451 128
10192 32304 364
38669 77484 274
14121 9216 117
32082 23307 226
48875 100205 104
15264 103173 85
91311 46656 21
9810 40313 303
50463 82003 104
83564 25936 226
61391 45103 104
68648 73046 104
42884 4320 226
25459 67895 117
2481 39016 104
89357 91636 30
23200 69596 249
52573 38284 105
85204 43343 274
90592 30763 104
62442 50740 226
95851 17216 226
51120 77322 105
98285 65981 249
11594 87457 387
84647 66051 104
79283 77420 38
80557 38262 38
40455 99400 67
30861 24758 226
10256 66172 61
84736 31205 249
90710 11604 104
84576 35896 104
16722 78992 226
35537 4100 274
87783 99887 104
30909 28791 226
95393 80726 226
19422 24348 160
7493 26120 226
66534 40053 352
91749 50787 14
28602 18140 14
75067 80057 128
11153 5695 346
24826 105484 274
9508 9699 204
36564 92481 226
97356 46750 274
79300 17134 104
16574 75505 134
40817 9205 212
80320 65797 289
12856 4298 63
98930 58628 352
17049 106116 104
64334 1063 104
6971 100929 128
7425 94568 226
56250 54597 274
23538 97529 226
65084 103288 226
12681 96324 274
9279 74845 21
51343 22256 30
75579 84257 21
16292 86046 376
82451 98095 104
93164 93169 128
48169 64662 226
100779 42129 346
73958 94868 160
17222 85962 104
8321 33128 346
21183 38137 104
4202 81549 104
24848 72323 21
2598 12367 104
86680 11717 104
71296 64456 346
26634 35177 226
89746 51527 387
5876 92346 104
32631 86046 376
45485 53093 104
65455 70263 14
94714 17494 61
68002 91080 226
102978 70022 104
21379 31840 346
13620 82372 104
26065 54460 104
88065 47901 375
74570 20774 226
45825 6632 226
66004 103205 14
26432 79004 346
32422 58109 226
48014 104562 67
88414 66040 346
48069 86949 274
39249 7627 346
79722 33077 387
91661 10947 104
65760 76739 104
35189 41917 204
94382 44640 226
49716 67562 14
35832 1832 226
97849 62025 38
72175 9913 14
11121 44602 176
107076 42094 226
71661 57380 274
26892 11353 38
36361 14450 249
50796 5459 247
47087 45566 226
23831 64992 104
33465 104025 21
28051 32421 226
35154 107697 387
12226 52832 249
80261 1023 249
95878 51934 104
9409 16143 226
16386 869 21
33548 52271 387
14051 107723 226
91777 46646 303
23463 50530 249
38628 11589 226
96901 40603 104
11117 41945 275
7845 26714 104
57979 998 387
1023 31205 274
55032 24865 104
84090 39023 338
88923 77939 275
54482 85964 226
91958 4996 104
33127 32038 249
1526 96774 376
83704 68996 74
64820 50530 249
63258 32318 38
278 19888 249
85530 19171 104
33943 93083 128
36009 105579 228
4240 81220 226
37412 46892 228
67538 10 14
66484 54340 104
105603 58852 249
9809 41405 226
21204 70907 274
29166 11277 21
41404 5042 274
57593 76421 291
66777 81803 104
107661 93952 72
70520 1603 249
88833 64288 226
104612 12312 247
86932 21437 104
106161 5302 346
23401 77036 21
60344 76508 364
25958 78412 104
11749 98101 104
28041 107298 104
46737 75111 61
90435 77126 249
2928 13390 226
88448 24714 226
102870 59401 104
64877 28295 387
27062 98255 134
53281 65965 258
71814 30816 104
106133 20411 226
8392 93500 249
69733 91134 104
40926 66567 249
26505 38892 215
9810 85611 303
44054 40117 14
107146 89255 377
20793 33436 104
18008 41880 249
68056 80485 104
9832 43469 346
17158 80545 128
104047 105543 226
103687 88127 275
16146 14817 128
38707 52550 247
24819 12257 104
82744 70584 21
104992 25988 226
3849 65752 226
87275 88944 14
63319 46750 274
72837 21463 346
3326 53757 375
18725 91078 1
30154 94584 387
27146 92304 226
50680 80110 104
78556 71078 104
66241 97530 128
64334 95659 249
96686 77177 104
38128 66255 128
93983 12451 37
29830 12727 226
90621 84138 21
12683 65316 226
1014 64162 226
6580 13829 226
288 81172 13
66678 55791 274
88062 101483 375
77126 67846 274
29984 18763 226
74679 24249 104
23061 87405 387
23684 69175 249
10215 90076 88
72323 33499 104
286 25808 160
10387 5278 38
83347 8965 149
39335 25528 226
80076 79861 226
88311 79765 226
96624 34369 104
38730 47124 226
34534 79919 104
80723 52999 387
8666 105139 104
86087 98841 376
65031 22487 226
63336 14608 21
85524 65374 226
12742 95089 223
53736 36813 226
3531 3259 346
85504 67732 74
66385 68122 274
89326 9450 226
45062 2527 14
79937 19474 387
7159 62729 21
38018 105446 226
89577 85236 249
64834 38089 104
59004 46914 249
55793 100462 226
41956 51337 30
91255 91037 249
30076 105753 226
4215 24826 274
13896 20751 226
32411 105240 274
63579 56277 226
31047 14501 128
22123 77420 38
45621 34353 228
61112 69655 226
61453 38746 14
28397 64989 387
80810 46258 226
5117 37807 226
92783 42834 72
40184 22146 291
37291 90469 226
98812 91005 387
13042 22385 274
105289 30763 104
69130 18808 226
101809 65531 104
35911 8994 346
12084 84335 145
90729 5645 14
18984 98817 104
35512 103475 226
77059 39613 104
76339 94726 375
65760 40209 249
77184 88598 61
9258 65486 249
24334 72354 104
53919 20446 226
2284 40664 104
26020 18510 249
1000 7847 375
76924 63473 226
80864 101283 226
65389 66005 352
27858 11497 21
29992 95560 256
68766 53175 104
48058 95960 104
105256 88687 14
107100 69371 226
89438 64697 32
46929 95718 226
24473 37434 134
88906 4591 274
54340 66484 226
77024 36534 387
47646 61181 226
84904 100112 226
102108 15359 38
43218 46875 21
4171 92345 226
57357 40854 104
58447 37621 104
73746 106928 303
343 61853 104
69821 82860 104
10947 91661 226
98613 61115 338
87398 47849 249
49486 63579 226
19279 15359 38
11452 17639 346
19816 20018 104
68343 16274 274
102999 53237 260
63227 79288 226
20907 101054 104
13592 28025 21
67819 7799 104
1261 9379 104
85234 38790 375
107030 81200 128
90447 69059 104
58285 65940 104
94926 91642 226
65374 79709 104
20244 2320 226
73572 20425 104
64976 103612 21
94145 16573 249
88694 58204 346
36126 90420 228
31114 80938 61
60647 26097 204
43223 45176 104
60586 81524 14
24334 72354 274
85533 82042 256
36347 64961 104
104331 17987 104
27514 83495 226
100944 52240 14
90068 76530 364
77997 17966 226
53143 95737 105
48594 99570 226
7709 80395 37
96073 79301 274
77898 71430 128
50218 83668 226
3523 104495 226
34170 45080 274
33960 46929 226
30026 54994 14
80206 94588 303
50433 100858 212
15748 100523 387
86668 54405 226
103281 46501 226
84900 31413 289
68468 33179 104
8145 30733 338
75099 103226 14
17361 96064 226
95130 43986 104
46109 85797 275
33769 70400 104
31969 52863 274
24771 8243 274
85370 105758 249
14277 59931 67
61402 4548 104
49915 42199 338
99809 50741 104
77659 4365 38
13637 44619 204
40410 55225 212
26517 5598 128
97821 41807 387
42589 70550 128
91487 53981 30
40005 88535 104
47973 3094 21
16776 80421 104
105887 35581 226
24443 68181 226
105484 36731 249
53991 71592 387
18331 92388 104
88704 32038 104
46639 67128 226
90967 56917 226
83237 39826 274
32946 39016 226
24966 66226 346
105866 95193 104
79765 88311 104
64601 11372 346
12542 82687 104
43530 17057 226
78371 25303 346
84338 4849 376
11927 47619 346
55621 97660 346
84093 69054 104
61115 98613 160
29166 46799 274
79345 74367 274
105064 5006 104
834 63957 226
11934 13762 226
87415 85962 226
105449 98716 226
78339 38429 226
55406 86208 226
71496 107770 338
56150 50740 274
78051 107494 104
97679 42297 212
23125 74157 346
27093 15417 226
24032 81873 149
73609 8095 226
5433 11334 104
31502 14817 128
75809 83733 228
65626 95057 128
48194 53123 226
45034 23189 364
106908 24429 105
47108 92841 303
55860 45823 38
82913 64596 376
105240 34214 274
82681 1339 274
13164 18147 226
98874 80911 104
63515 13452 291
75945 91356 346
66241 17146 38
91485 33469 104
51383 6864 21
6105 43640 249
1868 28440 228
23122 1811 226
100734 29047 346
30816 12589 104
93654 39373 37
84562 91929 346
75871 38697 346
45453 91825 376
24446 1649 376
73505 103909 249
3015 62542 274
104276 43929 104
7806 18763 104
17984 2867 226
34558 71939 226
59426 100211 226
49527 13473 104
101570 91768 74
69393 106440 346
53305 106484 346
29006 105688 249
107742 36779 249
88436 68070 338
51309 88533 104
5200 60141 364
26305 65400 226
5852 35928 346
39389 35502 346
74154 92374 228
54618 58447 226
8271 52194 104
59119 69323 274
103176 11604 226
63713 100060 275
64781 103214 249
90489 68384 256
14004 42128 346
65650 5727 249
11057 13234 104
25534 10856 104
53863 65098 38
103784 39498 104
43688 92489 104
5582 52340 104
105543 104047 104
106913 81012 346
41098 106897 346
17771 5018 104
76576 84219 226
72607 95628 256
76603 76418 104
28723 40114 21
47125 102587 104
39184 10416 14
30097 87035 346
55533 73398 105
53198 59378 274
60668 57979 14
95101 36753 346
105337 24866 186
82135 41474 74
51343 5508 226
74987 40057 104
7882 22541 38
18952 59331 249
93712 73572 226
76807 43808 104
46001 74796 74
31439 28572 128
78128 76483 67
83962 39740 104
65963 3810 104
35691 70187 364
98109 41252 226
106510 92804 21
35341 39263 104
72617 9086 387
13660 102707 104
39353 101477 346
50166 3323 104
70698 73589 226
10101 97435 274
63154 85021 338
90374 45718 346
1440 6374 61
99062 245 346
94176 32437 228
10090 11988 226
41404 336 274
14692 8575 226
16341 93610 249
25573 521 67
75899 102978 104
15358 66406 249
26085 28553 387
99426 68928 61
41543 30349 226
55239 26399 14
3094 68046 82
13544 24045 274
58618 54842 274
17423 29125 105
62964 85278 67
90308 11275 74
24238 70022 104
66331 70765 376
32459 15325 38
384 87401 226
84774 4329 14
3835 17602 104
107800 70646 226
100822 41103 226
11395 36509 226
10393 90347 274
87254 15640 226
70124 25638 249
51800 78319 291
33738 55736 104
52627 44508 274
21632 106107 228
78467 52195 226
100139 48973 289
85483 24367 226
258 17146 38
61284 65295 274
91215 96332 376
1868 70550 228
32890 67235 226
20357 27728 104
15159 31773 346
61732 99456 387
36859 73221 104
17883 31012 21
61816 51527 14
40156 88304 226
61193 102972 226
95659 64334 274
23399 67125 226
384 33632 104
51495 61193 104
53966 46646 285
7568 38598 74
19683 103060 260
70223 90725 104
85693 53981 30
33842 64976 105
71953 1125 176
88582 96049 104
49319 80262 105
11714 39070 104
106738 43786 289
61193 39269 226
37145 50469 226
74541 17221 226
67125 85947 104
45164 53596 226
84471 89977 215
69755 31630 274
98152 5671 104
33465 91704 274
52185 103213 346
95940 72982 249
8400 14837 105
104152 105803 128
1717 92977 346
23096 82915 387
61968 59867 226
98889 97750 249
69425 47577 128
75475 60396 226
1780 6347 104
33266 72779 38
45176 43223 226
105214 21636 104
40132 10938 104
19413 2867 104
80918 64164 61
71747 37942 346
447 102378 104
31712 64144 14
39665 20541 104
35251 6162 104
96604 68384 256
61110 40121 47
77707 91597 117
107421 92505 38
33005 89532 226
91746 17959 226
28840 54701 249
59353 24147 104
62456 84129 104
40165 95380 104
58876 45786 226
105734 44422 249
56447 85264 226
49230 71765 249
31286 106235 104
10817 5410 226
35473 40629 105
7224 11610 14
58529 90845 104
8432 106080 226
58891 99284 346
1014 72325 274
31286 38502 104
51335 23963 226
35346 72804 228
93907 46937 128
55629 21593 104
87660 101243 104
34021 69726 364
38521 26100 104
62158 30915 226
3139 89019 249
5042 336 104
85639 13618 128
86549 84083 226
53151 91466 226
48293 77398 104
77400 1279 274
97338 60586 14
94264 79753 226
54305 94497 21
83547 106945 375
57733 101739 67
68759 46094 226
88274 23045 14
78788 58647 364
59119 95716 226
86433 7002 104
68709 30509 104
22423 105708 104
81220 4240 104
56017 48074 104
29869 16416 104
84698 63340 37
8261 2530 260
43297 37104 338
63227 50999 104
98566 91822 104
23313 84701 212
30881 22582 228
61161 104258 104
27846 89753 291
7709 52543 37
73651 71787 104
105708 59378 274
88184 34128 104
5340 59450 226
105745 47003 104
68410 10551 14
60397 14366 14
34165 72500 104
55007 104982 186
23259 82898 14
64079 34214 226
12362 62195 104
61304 42673 14
649 59353 104
101025 105964 226
69199 12921 338
44669 84751 226
78969 62847 104
68474 37829 274
75404 23045 387
40664 21090 104
60982 91541 375
106997 60835 226
17864 76730 104
48504 38588 105
103524 22874 104
35339 103909 226
104728 35844 38
10805 101166 21
105880 13909 249
92926 73326 275
5850 48324 21
14718 97262 226
64735 6982 346
45322 50602 249
17010 96877 104
68618 65779 226
24013 59775 14
97382 104016 105
30076 102334 104
26167 103761 61
30239 64260 387
98416 78916 226
62475 89444 128
80555 19322 346
101128 43218 249
106510 30802 274
70199 70134 104
38395 101260 303
52762 10363 226
8969 103529 104
50689 2999 104
66485 94755 346
62342 34127 104
101079 63373 61
71532 69774 128
50501 14369 105
104987 63957 226
88593 84220 331
95497 80461 38
42035 29166 21
22167 98915 346
9638 35484 226
11228 78791 346
57680 14743 61
96193 11992 226
39223 30350 14
88993 1608 21
6702 86663 104
103865 96041 226
34024 25903 104
101243 96877 104
63000 45349 226
102703 88523 274
106589 31516 346
78729 36303 104
49527 13473 274
103557 97961 160
96193 38946 226
37039 22523 14
20608 27177 104
37210 90570 226
38493 47197 104
48766 19166 226
25982 54864 21
64314 33837 14
31969 39690 249
86676 19416 105
54937 39567 346
91349 12711 249
85853 33314 364
17443 11312 289
98601 33451 226
56603 17554 249
51301 41438 226
51056 33752 226
90333 67616 226
105956 42707 104
87753 80064 47
27335 80113 88
74072 82763 134
30181 9342 160
50207 22072 274
36690 64002 72
39282 105880 226
91731 30973 387
75725 32412 226
41092 69357 226
64185 77142 74
53655 79086 186
56002 15700 249
107752 65963 104
80039 6165 198
82991 56851 226
37772 102795 212
100630 59966 128
28533 43789 274
2348 80328 226
93410 82639 338
14626 5463 63
32158 15541 74
87512 63817 226
69683 74261 14
2586 91472 226
87136 102641 364
91096 64345 88
96568 43601 249
19452 54291 21
58233 81739 160
6832 4195 376
73976 13498 104
28039 94327 104
103105 58869 104
31952 107072 21
17250 15407 38
630 23271 38
75160 96324 249
65400 28177 82
38590 60291 274
94312 42187 61
12317 31681 104
16804 20320 145
48411 23551 226
41292 4003 38
55581 18364 249
57420 17145 226
60177 52931 226
23237 40377 104
58612 89170 128
7828 75031 128
66678 20948 226
78874 25575 346
77144 102743 226
61853 343 226
52869 24995 134
103438 48677 128
13169 36570 226
49019 9638 226
12299 3611 291
24885 84751 104
59838 65074 274
76013 81618 226
100577 2526 128
92786 2953 260
56716 59331 274
53655 15538 186
80312 36431 338
54901 8403 249
60513 95659 104
22187 97526 387
78693 2815 61
60149 93512 74
71217 92315 38
78037 95428 226
51154 12888 104
64700 68773 226
22106 10161 104
50643 62011 104
72386 47766 346
69065 81942 104
7618 1856 249
95276 92783 226
40764 89836 342
19787 87512 226
14796 103775 249
76813 28074 61
20411 92928 128
49263 31902 14
101115 8371 338
105282 105740 61
89532 33005 274
6759 43304 226
89746 46172 14
29165 68914 226
21365 2015 104
21494 24680 226
47324 6889 104
16286 30396 226
54564 58421 104
60264 36294 226
87781 58404 338
61099 88220 105
30251 89355 212
4729 3135 303
91096 87305 104
65430 16001 104
25747 64595 104
39422 67622 14
25143 94456 249
34679 27095 274
34342 33354 104
36223 62154 292
13637 52619 204
19533 82546 104
22256 91980 226
44807 71071 104
91541 50105 375
20385 81239 105
94118 50529 160
29727 18519 247
29182 74424 274
31052 8969 104
98896 92694 346
55512 76352 249
95776 32775 104
41753 18694 14
103561 53667 38
87938 31044 38
101411 62562 226
26578 90753 21
33127 76352 274
27756 8718 134
63383 58016 346
39711 105631 104
89597 54064 14
33081 92734 226
58900 18952 249
28304 794 104
12681 14887 274
91187 34323 104
50717 24110 249
88411 87545 226
39269 61193 104
48741 65963 249
69596 23200 274
90690 92212 346
44722 30914 14
8245 83015 289
14483 47843 364
10179 81151 338
35159 83240 226
10706 53512 226
22528 3661 346
80359 41961 226
81284 102181 104
30385 105935 387
22625 22830 274
28676 13874 14
66165 7843 346
58225 70844 249
66030 54328 274
107476 34593 38
36662 8432 226
96733 39314 226
106629 41788 274
24714 56512 226
65779 68618 104
12938 10062 226
17431 4214 226
17216 18813 226
11287 81133 104
101420 88404 274
16415 17263 226
81210 103446 104
69767 16662 226
99525 21473 104
67604 53848 376
97973 64835 249
40444 98540 274
91289 75767 226
9984 58764 256
52804 50503 346
103103 70332 226
534 72795 226
21380 72967 38
243 61042 14
35509 66172 61
34465 38642 226
81220 19849 226
77997 64902 104
10928 96248 82
103089 48254 104
103281 21196 104
75904 93911 249
91974 80705 387
10956 63307 387
86656 25984 226
21731 54334 346
106607 102795 212
60415 7890 346
14315 62719 226
68977 45823 38
59775 24013 387
70976 73047 226
10008 90574 226
44384 93100 117
24991 48857 47
50461 89623 104
51595 72282 226
94650 8126 74
26020 42094 104
16075 63586 274
58793 5748 61
101108 64319 387
25499 53806 104
27871 16367 105
90580 35281 212
61470 56574 226
20462 76170 104
52466 41406 104
74009 84117 226
973 104899 249
28883 25517 226
28138 12140 226
10050 2133 149
2625 77865 338
26702 69208 226
41646 49701 387
105157 55193 104
42840 60053 226
18721 25453 226
78945 66962 346
87340 92529 104
90826 27471 226
25265 88686 104
87753 20818 47
30251 102297 226
43835 90537 247
75092 13112 256
29358 51671 338
65839 6246 226
1430 23215 249
38989 85948 104
80912 83994 249
89868 92881 104
60045 86419 274
104926 40423 249
33696 9077 249
103294 54242 228
62395 1193 163
48766 19166 249
83479 77256 226
46160 365 226
94924 17049 104
67471 103745 104
28538 21063 371
29087 14718 226
47423 14669 63
19770 46593 228
27512 29185 226
3598 18486 104
85021 63154 160
17184 55429 346
47063 66543 38
91836 97529 212
2771 63929 346
43925 27177 226
14072 82944 145
12529 32608 346
52869 13447 134
4548 53653 104
65439 79919 226
39209 2620 346
22165 159 128
10045 3886 364
101502 39029 104
37966 105251 21
83334 21196 226
15182 75385 226
71915 33696 249
77237 39610 226
20402 100633 226
62176 88945 104
37130 93161 24
23929 88246 303
7334 19101 226
48875 48627 104
70465 100627 128
20208 79510 104
91661 99186 249
106027 17355 346
51961 103581 104
82996 21719 104
46914 24848 274
2703 36892 226
82920 57673 289
105220 96632 104
32283 45084 260
84811 62570 104
84904 77968 104
47661 58347 21
16649 39567 346
42614 2484 249
28446 70661 311
103581 73079 104
98192 32989 226
77482 65350 128
45786 58876 104
97981 54396 226
78237 88236 352
42260 104103 364
30471 24479 104
78110 23721 226
100609 104400 387
9334 62718 338
97775 100059 226
50461 77396 104
69362 85191 104
86585 76014 226
78851 100291 226
69440 19787 104
19337 38619 226
75316 36675 104
44054 68546 387
22897 96581 105
30360 18422 74
90647 37431 38
52794 75058 82
21444 26441 249
74036 51956 21
107789 46219 104
8784 56976 104
23727 17156 104
66431 85013 74
94662 85127 226
101128 46875 249
72255 103295 61
41788 9021 274
99155 38515 226
53198 40866 104
96272 75523 204
53490 99212 346
100549 105543 104
91134 73887 104
93161 89588 346
72411 18512 104
5864 15456 212
4582 101874 128
53882 74471 104
34933 53713 226
44300 14885 346
85119 6753 38
77434 84469 226
86051 34009 364
80009 107504 104
12039 14138 226
98121 105283 226
63090 84937 104
104992 101071 104
77177 96686 226
45080 94787 104
77902 42624 338
102999 57079 260
56718 79094 104
57164 50587 104
83452 31911 249
3639 37966 274
71661 73455 249
70894 86140 289
95716 43461 226
62642 95758 160
74055 54190 226
82548 106855 376
46457 7500 104
25929 38821 104
46191 107737 275
79567 54618 226
71770 18881 226
44378 18002 104
69278 54245 104
4215 76352 249
54509 102979 104
62721 83258 14
66995 4737 346
48657 100914 14
19759 14683 38
24173 5762 104
87700 49735 61
38065 14674 226
16138 97995 346
10162 80385 275
58377 100430 249
57380 93447 104
67130 90667 226
8947 12888 226
63236 70583 104
87979 89355 104
43239 47223 249
2138 81064 67
79409 52921 104
4240 25165 82
3429 62388 14
11130 99541 104
46590 20818 37
11025 36783 61
66135 2055 247
106459 38824 274
100200 39159 249
12562 5787 104
1353 106997 226
46457 21799 249
58044 84257 274
88582 69809 247
96628 70583 226
10696 36679 104
46568 79746 311
14895 22694 346
17022 88401 61
100523 15748 14
36468 92486 104
66288 67862 21
27054 101733 104
48798 67645 226
28609 67854 346
99851 104404 104
51915 30752 226
50789 33960 212
19101 82519 226
97879 18346 24
84202 101746 104
45914 45859 226
30376 24347 226
21172 33910 128
7493 23551 104
4761 53008 260
4996 93525 104
32255 37861 21
7753 68181 104
26046 66233 104
21636 54592 104
17364 52998 104
48975 103859 21
52650 76606 274
104368 37547 387
46442 71895 105
70336 23217 104
17461 47093 104
2983 100469 338
106771 58044 249
87801 2917 104
14102 1601 14
85537 37340 105
56150 17094 249
92481 1014 226
89326 10502 104
89374 50835 104
92731 6461 291
81848 82591 38
12442 82921 346
31047 56085 128
101618 54806 204
84924 107108 274
31205 1023 249
65102 40565 160
17057 43530 104
4948 47745 346
63679 3204 303
47554 4522 104
69657 82185 25
93477 71010 274
81979 79791 226
93547 74847 21
12321 25688 61
43142 34039 104
57651 99951 104
28018 75392 275
33943 44862 128
88921 79024 226
102398 62295 226
83902 22423 226
75438 9650 104
11328 51687 226
62992 52572 82
53059 83159 104
34666 88486 226
106740 6250 38
21636 25691 226
86537 18503 104
53093 45485 226
21719 68392 226
58892 89158 61
77959 44426 226
64332 26427 249
66928 14553 226
2537 39048 104
2947 104567 117
9524 59917 303
6246 31166 226
56834 50562 104
67062 28199 226
51880 101410 249
52517 51247 364
75142 50410 104
99330 35145 226
43712 20566 387
78774 51650 104
56232 3576 364
93727 79986 160
102211 8090 291
17557 105561 226
95320 77018 104
39445 57621 260
46072 102795 104
29183 26428 346
66728 4944 226
85740 90921 104
58982 55648 104
58435 5273 289
71664 85968 315
9935 31066 47
48627 100205 226
78643 16560 226
10948 94692 38
13320 164 346
4221 19628 226
45428 100469 160
68635 70584 104
64746 106988 14
76861 54953 74
98526 74452 226
29748 12350 104
66534 58628 352
25638 84763 274
85403 24017 104
14836 105351 104
286 63105 338
45703 53276 105
106786 66510 274
25977 13960 226
53806 25499 226
38597 54178 104
41424 62584 226
4192 59615 235
16000 62278 226
62843 96019 128
107752 1523 249
3614 94293 74
75690 26399 387
16922 97253 274
10883 16512 226
47458 48859 274
64418 45762 346
23219 95288 128
211 2126 14
25971 33813 226
74633 86433 104
53465 68825 226
66695 59426 226
29225 2055 104
21230 65816 346
45290 93078 105
106619 82287 338
102330 18347 160
61877 1555 342
73221 36859 226
33299 14887 274
32901 63829 160
105240 32411 249
38501 63274 291
35361 73304 346
7435 8306 104
12921 81306 338
58929 54757 74
20519 3853 104
55342 83766 387
89704 107057 104
83585 22294 21
98052 2354 104
30456 15047 104
32870 69113 104
57610 40632 228
59646 44377 104
37777 14773 274
40866 53198 226
107093 14553 104
104453 46070 104
12329 77109 104
104690 77398 226
30151 46883 104
66678 42511 13
93606 71037 226
19058 51195 275
10348 52474 346
55246 75954 160
56085 11482 128
37093 106883 104
83874 88151 14
18208 57032 226
76574 79368 346
69425 1663 275
37548 14798 104
49219 60453 387
41139 79702 104
54759 7964 226
17458 40538 226
72718 60371 104
62540 77016 104
43210 23504 104
49055 60606 104
50038 77664 61
23588 13618 38
91450 28432 249
26442 96070 149
61867 46259 160
72690 52205 105
66764 66049 223
93582 7651 376
33575 56057 226
72354 54114 104
24168 8165 14
54891 107768 226
106911 80015 104
15473 97175 226
82507 64016 226
97878 91717 74
82765 62997 274
45260 71404 226
10966 45342 346
56799 91095 104
13298 32411 104
66484 6761 226
43188 31716 128
100161 161 226
43844 40769 104
7799 67819 226
87945 99348 226
38039 7191 226
60756 41714 228
99738 64294 226
46098 102199 104
14015 52683 260
50679 2734 104
64334 67797 274
50887 501 289
87254 70285 104
29386 10137 346
10410 97554 228
76062 104730 128
41406 64902 226
54482 32632 249
100577 56090 38
8034 27827 387
70257 64400 104
42794 56117 226
65332 85794 226
44887 6070 104
14368 93197 61
65963 38554 21
36198 51038 226
28222 70979 226
49070 78985 104
59740 53576 61
74945 84288 249
41318 10003 74
43206 37507 21
100211 59426 104
16411 62734 104
6162 35251 226
88724 41660 289
42511 8571 226
46800 74175 346
79921 21116 387
29680 69790 104
17987 104331 226
65362 11362 149
79732 69664 226
99887 69374 104
45918 9235 128
76599 68366 63
20833 11526 61
30199 82623 104
56653 42000 21
42458 94505 160
11609 79787 104
71229 38897 105
2049 31964 289
17953 98329 21
96702 92216 163
37625 71535 275
71997 31319 249
104996 106794 387
57934 20879 104
15619 18237 21
56911 59594 21
54939 6243 226
94456 104914 21
1230 84132 21
2183 77420 38
88485 35327 249
3120 87432 226
21365 77150 226
36564 8658 274
61385 10814 128
85447 15839 104
41778 60264 226
24541 82557 104
77899 69897 61
27846 60996 21
11202 32074 104
97867 30456 104
83815 1428 226
95320 35146 104
63345 50209 14
2010 32214 226
21308 57463 104
99356 64220 104
60567 74248 346
52118 36312 226
86561 85909 104
29485 53272 61
64006 101343 226
28863 55525 149
30745 39297 38
24251 55512 274
36554 27058 38
95718 96248 82
23261 30764 226
12248 41176 21
42621 50689 249
96791 52269 104
60431 51124 289
34128 3076 104
46754 56003 387
66301 90537 247
426 105961 13
15798 95479 387
90866 97891 104
19782 47843 364
52626 3195 315
11254 50290 346
25538 8656 226
76532 13700 14
76533 103524 104
55476 99608 104
48252 21356 14
39006 98670 61
97891 90866 226
94409 47825 226
81811 74462 274
56529 18147 226
41543 96387 226
26492 72623 32
11746 58955 226
40206 87925 249
44366 98274 104
61867 5785 338
45141 59680 14
70096 82223 256
107044 68094 104
33499 46799 274
35657 69113 226
66074 82685 128
84754 34077 128
55370 68807 104
101657 74095 21
92018 58108 67
77168 81595 249
43929 104276 226
17054 50838 346
32467 74476 14
57572 35281 226
84907 51348 249
27140 19740 38
17843 24204 303
53005 105927 346
78926 9146 346
43040 49849 226
75538 80472 346
75904 57517 249
16241 17708 104
40843 46601 226
94726 76339 289
71688 89344 226
26742 21911 226
42281 46819 104
82513 46988 376
95995 106616 104
42595 70893 274
25096 87271 274
35154 72327 14
28362 42297 104
51124 101241 289
38128 66255 38
12742 70763 223
54003 46081 104
56480 4051 226
52992 14060 82
105685 102190 160
69657 3493 377
106851 87161 104
6057 21412 256
22542 90467 128
30396 106553 226
65839 33694 104
46227 37943 104
53232 98145 387
94136 27120 274
53175 95416 104
23403 78480 160
2757 96485 226
82307 100589 315
105030 102633 249
27732 77373 346
8207 39142 145
32811 42813 82
89133 16001 104
47991 36575 338
45463 40599 104
47438 44360 346
28408 91466 104
95722 81484 104
37829 68474 249
83573 48443 104
6536 77714 104
45103 61391 226
86392 39130 104
58896 31953 346
32323 37379 274
58831 66529 249
43015 34948 21
24500 12183 249
46468 38680 32
19871 44260 346
95320 71565 104
52627 80562 21
99571 99380 226
64834 74912 226
39871 7233 104
3971 24323 228
85639 13618 38
42840 39042 104
27138 34710 21
93447 37485 274
95645 97891 226
17771 61199 249
4215 15349 274
106236 90577 226
107468 71123 375
61112 31115 104
805 40904 364
107770 101115 338
106504 10883 226
95428 35216 226
94635 91386 346
105603 25898 249
13234 11057 226
84736 84326 249
12964 78000 274
50283 72447 61
59217 73167 61
67697 104239 104
23800 43680 387
77494 78074 105
46726 13976 387
33842 103612 105
15683 18220 228
97083 2026 226
94920 11998 104
18453 34580 13
18446 92858 104
85605 62571 249
33531 79937 387
40197 25638 249
67604 90049 376
80312 84856 160
76330 19002 346
86678 18808 226
14963 34700 160
84671 104489 38
104025 24344 274
49760 69740 104
40187 16106 226
100811 107314 226
91714 23820 226
10654 6770 226
32421 60390 104
35806 2134 226
105139 98512 249
32755 71074 128
55160 19101 212
23826 11028 104
88276 78500 104
55155 48666 346
18964 54972 14
20456 53136 104
35010 75058 82
72337 77142 346
50310 76739 226
89957 53328 226
2348 80328 104
102973 54399 128
52425 1606 274
50643 5410 21
105067 35792 346
88407 90422 346
27512 62013 104
53437 65455 14
33218 75970 104
99288 76962 104
5173 4897 104
12921 69199 160
53578 83829 249
74578 30573 226
59818 76818 104
76475 16075 249
7191 38039 104
39325 37777 249
18695 69209 346
31042 68023 228
17136 6982 346
24342 85740 104
18836 8738 346
36662 51293 104
80885 78214 63
32624 3429 14
33961 100978 104
1027 35271 247
75094 25065 297
61609 39429 61
84727 64595 32
89355 14622 104
46501 50741 226
36988 68625 105
50834 101263 104
19414 21164 226
13626 97476 134
92983 65542 376
2251 42626 346
64197 50909 104
36356 103163 226
62518 69033 226
11727 82546 274
82782 104436 32
29916 79270 67
19404 79475 104
32870 31111 226
57347 60729 21
105118 14218 226
24878 14606 226
83159 53059 226
46782 67879 21
95479 15798 14
104897 927 226
7158 44296 364
102622 53136 104
68896 75181 14
58529 18437 226
107566 12562 104
13900 105382 104
63634 29597 346
24275 96628 226
59083 44666 104
34219 70263 387
25882 68963 74
15259 101600 249
99214 83186 21
35888 27188 226
70844 67846 274
46184 33857 364
53782 71034 128
47090 16075 249
23350 5427 104
68945 68197 346
26702 64695 104
78837 28133 226
23820 56399 274
3165 52611 104
78457 4641 104
6082 43549 226
18972 38158 21
81617 74874 82
105428 8702 346
70204 52006 38
4829 35680 249
20604 46870 226
27486 94021 364
13815 14152 274
21726 99482 104
52954 31987 228
105203 2917 226
60802 22691 364
2133 10050 226
10927 21486 387
53065 76721 226
42624 63950 338
9800 53848 376
94909 66654 249
95414 7486 21
28805 67623 249
77558 13421 226
27506 23573 346
70493 34231 38
86915 98865 105
73435 31987 228
67945 17461 104
79758 42540 346
88633 70244 387
45374 8281 104
31 82867 346
24344 24848 274
75075 33738 104
22176 92186 128
16291 104730 128
26937 8273 21
29225 17399 128
102557 56909 346
101260 32302 104
99310 33008 249
36731 24826 21
103627 104739 247
2320 20244 104
28267 32411 352
48688 69248 25
33255 77698 249
70070 50275 226
51124 60431 375
88399 2199 104
9479 80926 226
83637 92337 387
105220 13087 104
82171 75725 226
11031 69747 376
40377 23237 226
16600 50461 104
26399 75690 14
87996 83938 387
82313 60535 226
98512 8666 104
62562 101411 274
106230 40769 149
95229 4786 285
74679 82172 226
21675 24548 30
96460 14533 274
76888 81951 249
315 54399 128
19296 49283 145
94318 10939 346
13145 16909 303
74462 1014 21
52541 103578 226
24249 74679 226
83161 45458 226
23492 92843 346
62017 103775 249
57777 100534 104
47043 41190 285
95320 81542 226
38999 47223 249
8581 3164 387
11497 57148 274
7675 37160 104
36534 91731 387
42750 87855 249
76533 65238 226
106355 100430 249
14015 67976 260
102346 33632 226
39873 86260 67
27026 70022 104
95214 61239 160
67653 65854 104
77013 356 74
107100 73521 104
88328 37163 74
37868 7280 346
87731 11723 346
46111 61291 303
104904 8820 378
32956 30450 226
55521 43826 338
98845 70456 249
7279 69231 338
35143 69795 228
36824 9110 226
54529 96899 21
59815 16128 289
16734 4202 104
20748 16211 61
34592 99011 25
36318 37777 38
38071 1850 289
70844 77126 21
103581 51961 249
9570 967 104
5009 106230 226
27495 104399 346
36570 13169 104
70603 54650 249
107697 7699 14
105283 98121 104
38333 29410 346
63207 15082 104
80078 46476 38
85425 60331 346
26020 42094 274
9638 49019 104
90041 85278 67
8799 89899 61
18881 32495 226
65906 73881 104
7945 1716 104
2298 86085 274
103366 43705 346
32680 83840 128
85491 9472 249
29843 66871 104
43039 25457 274
71862 94057 346
21632 27016 228
1271 19571 303
93008 75899 104
95851 69694 104
91059 14296 117
50232 19641 289
76736 4409 226
93411 22010 104
44959 73785 226
88679 37693 387
89169 33582 14
54047 40184 274
39538 84994 226
35659 50618 387
39142 8207 32
43244 17959 104
34753 1230 104
1014 74462 21
16106 40187 104
66513 71270 387
74530 69420 21
83280 27734 226
87262 51627 346
75568 75805 104
56388 71131 104
41424 38619 104
104899 86537 104
6015 10893 104
25015 84647 104
6770 10654 104
38202 93289 61
65508 14066 21
62584 66475 226
267 106793 104
96057 70318 303
86739 37351 104
72518 94179 226
95716 59119 274
6434 43735 186
54281 37742 104
78108 60854 226
40960 24480 67
94919 18788 21
19548 24838 387
40565 37878 160
53664 14631 371
101071 100581 104
62098 100590 249
43549 6082 104
62607 14378 61
1014 92481 104
31590 45193 32
59349 80112 215
78105 55183 247
68825 53465 342
22178 102023 303
85319 100155 104
37259 88691 105
81529 19749 176
95716 59119 104
90667 41252 226
87759 24618 387
82913 53848 376
24682 40861 104
85516 99451 226
33637 104461 104
76953 98490 21
85483 61395 104
38946 96193 104
106510 57 274
57660 63962 145
70228 105011 226
24242 39268 260
76979 68934 61
53421 28344 104
75591 75599 104
17186 77420 38
79205 67822 38
78041 69103 249
43064 90988 338
7496 44429 104
93244 70150 260
8897 63635 74
64089 51376 148
107161 57148 21
46437 82449 61
85052 10605 274
106544 95588 346
102978 75899 226
18364 55581 274
104881 55609 104
33842 7110 105
41118 26665 226
102152 35491 104
1523 73629 226
103578 52541 104
69839 28383 63
25638 84763 104
81005 82845 186
102522 70487 104
82639 64537 338
49070 53924 226
62933 87559 105
84022 104824 275
6416 46917 226
19402 11870 249
107800 30847 13
42545 32746 249
4221 51907 212
13390 2928 104
32487 63091 249
36564 11497 104
106510 103434 274
3834 34414 14
28698 48289 387
102181 44813 104
77036 34927 21
79806 66970 128
18856 101584 104
87254 70285 342
68585 33308 387
43730 81584 387
55796 2484 249
94331 85920 226
25808 286 338
15251 20519 226
105543 100549 226
86932 21437 226
31302 3202 227
35213 4270 346
102694 26213 226
19880 29597 346
87710 104382 21
103224 68329 104
27427 66684 105
86282 106832 226
50467 96602 21
9216 9699 204
13734 101478 21
13042 66365 274
63306 87707 338
94107 1786 226
84751 103777 342
37241 18350 226
28778 42467 88
38343 25088 104
25936 4012 226
34691 55079 21
5563 66068 226
35010 79647 82
4677 52226 149
46137 89962 226
72843 12863 104
23675 74716 38
90562 69725 226
91642 94926 104
24479 30471 226
98952 53093 226
21921 105707 249
58129 42144 21
41111 55606 61
17263 16415 104
101599 38401 38
98845 14512 274
54741 89643 387
52024 56529 249
44738 89831 226
15223 85316 88
56810 59774 249
26982 4721 226
72268 92506 226
27605 9904 38
107566 25177 212
84904 21090 226
64047 9235 104
26140 55270 145
94578 87927 104
68328 69640 364
34671 104016 105
71814 64620 226
102342 35483 274
65353 48823 105
72661 41123 160
8756 33419 289
79086 36385 74
91685 100944 387
82898 23259 387
105708 22423 249
84792 65295 249
67244 34363 346
55793 60283 104
83533 82358 346
40237 56799 104
86292 39683 63
82244 81112 38
10856 92397 104
16520 46735 104
63000 99348 104
38612 71033 226
46726 37842 14
68933 99124 226
27611 14143 249
82166 79130 249
39286 24242 38
94908 23597 74
101120 53327 226
49497 47626 346
37428 32411 352
4526 22582 228
102181 81284 226
7337 68799 346
31012 51880 249
973 39690 249
76405 26395 104
93003 20793 104
1122 84257 249
34709 1180 338
104044 91252 104
16776 98225 226
2126 211 387
14315 89080 104
99216 72393 274
3160 14180 160
81608 64596 376
103086 76266 104
105482 82836 249
101982 62349 128
64312 71372 249
18341 92710 387
67106 83534 14
12257 38420 104
32752 3943 226
8484 33950 38
16285 32344 61
94405 1696 275
57946 24249 226
40775 15456 226
12391 15668 387
41118 25457 104
54792 35396 249
43730 102113 14
49964 79510 226
64595 98271 104
90459 82667 297
10371 36103 74
106830 63091 104
3956 53951 104
86204 99269 226
85285 23122 226
3276 70912 346
42081 32318 228
81109 68991 226
61161 51910 226
37548 22748 226
80726 29097 226
60494 20462 104
27871 99418 105
63957 53981 104
99977 46914 249
79555 20629 226
77612 23769 226
17917 106559 376
19490 90811 346
12349 85285 226
38765 33227 104
22423 47219 226
97187 31012 249
99938 84059 104
79444 16902 104
61524 27574 21
14060 43640 128
104175 14505 226
39868 29307 104
4882 50848 21
37727 87972 346
19394 22993 275
107167 48034 61
74321 82539 104
83292 13836 82
76352 55512 274
74544 71926 249
51471 55247 215
15646 105561 104
61039 19246 104
21424 51056 226
642 48448 104
43922 100525 105
87629 91096 104
49803 68324 260
87352 53890 226
1668 31815 346
94501 55330 226
28344 53421 226
11462 86504 104
60795 33476 274
11870 19402 274
60728 55973 226
10883 106504 104
86212 28568 346
97526 22187 14
7247 16471 226
7964 2928 226
23093 857 97
28344 104461 104
74048 78351 117
53208 20842 376
1079 30920 88
96274 59176 226
33351 11575 104
65958 88594 21
84811 92187 104
16823 31429 226
92073 50655 21
23790 59940 186
35532 107232 37
39835 102573 226
13164 68122 249
57610 53027 228
38556 39156 249
63091 32487 274
105203 102124 104
8609 90760 160
23252 79482 128
98006 53698 104
13256 35690 226
51840 104901 82
16735 95361 226
6730 39167 376
51090 61870 375
51258 88758 247
35382 97198 274
3853 20519 226
45215 30798 346
97109 77780 249
59636 92099 38
71545 81033 226
33079 68591 226
62962 98214 74
33982 33235 249
105914 59668 226
73353 45823 38
44867 15359 38
54766 106947 88
7800 62117 128
72245 19153 364
20370 10501 63
33628 70269 228
43929 58665 104
95214 33370 338
12061 22608 226
27501 7042 346
96070 26442 226
66524 13632 249
66723 24230 61
5704 52706 228
65959 20626 14
4674 85991 74
21013 68481 376
35626 92713 226
52104 59402 128
78632 67042 14
37625 71535 38
99951 57651 104
46832 50444 226
105961 22908 104
87221 96169 228
65444 106114 226
84400 75180 104
91251 79094 226
85660 94558 226
91413 94182 38
72354 16380 274
100205 48627 149
71066 66446 104
6765 92710 14
3401 55874 226
57321 55 21
72803 78369 258
11554 51926 226
83598 68129 21
30030 81073 346
12742 13346 223
17057 43530 274
87740 38642 226
67874 25638 352
91017 20904 346
39159 100200 274
15082 63207 226
49089 49849 274
1500 94072 364
76657 10677 377
51537 25325 204
66385 32449 104
16660 45566 226
96628 24275 104
33207 89838 226
96132 90581 274
92046 70183 226
1844 32887 82
76791 49051 104
100766 84414 82
60701 23472 226
103004 79368 346
20224 89272 104
30947 58532 375
80705 91974 14
42426 86340 274
86731 99595 249
21593 56607 104
15690 16767 176
15696 100145 104
104301 75891 14
98970 9132 212
42598 27887 387
91566 40709 14
81140 88485 249
46189 78215 61
50113 58714 38
92338 85740 226
78500 88276 226
39140 7984 226
46090 86781 346
19870 102887 387
32028 77482 128
63536 30293 346
78969 38260 226
77459 33573 346
18839 73588 14
25217 25549 346
61132 72127 63
72055 33111 104
20755 61107 346
16415 97659 30
83383 26066 104
56908 105849 21
79476 15062 74
52024 56529 226
40955 85898 32
37577 63371 226
11848 11592 364
10661 71805 38
19994 11871 346
47289 75476 274
83942 58069 226
25517 28883 104
48760 39954 186
84908 102346 104
68964 5472 104
10757 19816 226
24570 53443 274
99214 82534 21
53738 66882 104
83942 84889 104
74676 12874 249
1108 186 249
96400 24256 303
45189 61812 249
29109 50275 104
90826 34128 249
107128 50128 88
97253 16922 249
80490 77536 226
91980 21675 226
95380 59867 104
30520 107494 226
4932 3160 160
53898 48843 226
64312 105707 249
57443 107759 346
9293 86561 104
88062 20277 289
7806 53065 226
61975 10235 14
71026 5606 38
86360 33393 74
9379 1261 226
85370 94864 249
19197 33465 21
12681 63591 104
58733 8829 67
96158 30496 163
67892 48220 260
15291 38493 104
36315 48614 21
99346 18188 315
25795 25962 375
75028 91404 226
49335 100815 226
48997 106497 226
87610 41646 387
88082 63081 88
106601 70021 260
60728 48345 226
42791 72403 226
10403 52998 21
21661 84178 364
62742 100110 260
54730 96816 274
79300 82507 226
27898 51337 104
73991 67130 149
90095 63271 104
63540 98480 226
69596 53200 274
105392 72465 14
22173 30573 104
86378 4065 226
21903 74199 105
65582 20643 387
68453 66777 104
100472 30354 275
59004 24344 249
75827 5510 274
3840 37216 226
96829 4390 104
95416 53175 226
75609 93447 249
48424 93443 104
71353 99428 74
11915 95164 104
75772 36339 176
77955 100435 204
60574 40993 226
92073 42277 21
84708 12925 104
63950 42624 160
9216 97158 204
20359 34381 14
13257 11389 14
24587 17510 274
10947 91661 249
64334 95659 226
80723 34270 14
20981 80080 346
47866 80495 226
18597 70891 105
15515 64866 342
95064 7120 21
43688 78122 226
56619 35758 104
72718 23164 249
76711 95632 149
1854 78540 67
87781 68433 160
62964 51686 67
15144 107239 21
49526 61458 128
30515 84582 105
3707 27766 104
51887 74058 104
30396 21628 104
42304 94998 226
43524 97935 198
23832 3681 249
19530 65824 226
19849 39835 226
96230 98841 249
68981 47901 289
13390 54759 274
92627 8166 346
88436 77865 160
67000 65993 104
92807 9866 291
7675 77016 226
8531 30742 160
88704 5398 226
98543 51913 104
45710 83696 346
73941 16965 104
34694 27040 226
90658 66529 249
69436 23017 249
32411 17771 249
87458 89431 14
77400 5333 21
64320 23747 105
51453 30077 249
99789 20146 21
42200 94179 104
64321 58493 104
37485 50467 274
64144 31712 387
31459 90934 63
90159 3790 346
55008 26767 346
89643 54741 14
34621 76617 226
33207 64624 104
85174 76564 104
80125 77420 38
94456 16075 274
5037 28018 260
79130 26372 226
66634 88474 274
89188 17381 226
38068 46930 226
58604 53150 387
49834 52483 104
14505 25636 30
65653 90992 346
12313 13580 226
17771 12183 249
47585 62736 104
2801 61633 249
6037 94998 226
87776 4221 226
27925 7500 226
25554 20659 346
32422 65824 104
61358 95926 387
6714 46883 104
101533 66230 249
73675 28226 274
41065 7492 21
70347 98570 274
50887 44632 375
59550 83220 105
103600 51803 274
47289 42035 226
11056 97262 274
35861 43672 38
77402 91627 303
94578 99408 226
25600 80061 226
38237 36053 387
94931 91015 67
69543 75194 61
55679 9890 226
33679 85248 346
98358 105149 346
70462 78168 226
56150 17094 226
52188 68210 61
91327 59630 61
5257 88592 21
31702 14533 226
18129 53327 226
7467 82621 346
5240 80902 47
70000 92227 228
104552 69603 104
100430 58377 274
11581 89444 249
56263 89025 226
55341 10070 226
