996
39244 96095 290
73354 34549 11
77240 73722 340
14487 36041 263
31356 59786 11
68214 46646 45
92892 77007 341
55708 59940 207
53600 79814 11
18757 34946 340
6487 2263 48
99858 16537 340
6269 88831 155
97849 102397 219
7825 82906 219
23130 52918 263
19058 54093 219
2383 78679 219
13231 55727 351
97475 47753 263
95144 72534 263
74738 98294 351
64596 63328 286
31831 76122 263
62357 93959 101
10706 84948 269
8620 40501 263
28143 42473 286
53411 7978 332
80195 18258 11
63495 36445 269
91670 95586 359
57746 35569 207
9516 106886 277
14027 95588 205
106822 342 120
53019 93558 269
58839 4401 351
49499 8486 263
106543 19167 340
70344 7063 263
46672 22480 332
30073 3863 101
9275 100711 263
84347 25075 205
47512 38539 340
22890 102810 219
64596 23051 286
8127 61578 207
51711 52382 263
93203 24496 290
73055 104439 340
5530 52773 351
105331 83276 351
77007 44901 45
63282 66954 207
87452 9640 340
85381 101264 263
66423 41510 263
90530 56760 263
787 69774 332
36274 45475 263
82597 64813 277
67142 16663 332
61905 84141 263
104570 9640 332
59740 18073 263
91079 100906 263
98838 99989 263
25626 52593 219
60166 70148 351
36030 56452 263
52839 97794 207
52321 26392 263
30686 55517 11
88883 81752 263
91524 2494 205
72351 96904 219
72966 40191 207
101453 18629 143
30073 85013 101
32891 87350 263
57080 12943 282
89933 41933 359
13231 60572 351
29849 60502 332
39180 97003 332
107748 35055 263
75458 25553 263
15200 15685 359
17022 17770 263
14193 69010 101
30903 45105 263
13231 95411 351
7477 59206 390
100294 75153 332
66198 107130 219
25130 9272 263
93992 45860 207
35796 32222 120
106169 100602 197
88194 107637 11
8983 14401 155
79991 2076 263
5530 5364 351
57533 29430 11
88194 6064 11
99718 66935 219
96423 60493 332
64087 21552 390
72966 101870 207
35189 80089 359
94993 92148 120
107558 30048 263
85157 66737 263
26377 101570 45
72607 87156 17
79283 7928 219
107748 31431 263
82454 64663 263
64575 83704 45
42180 56165 205
78593 20992 263
102618 45724 340
11430 7311 340
51552 86723 351
42011 101586 263
98176 91786 286
85268 64904 332
107690 96170 286
52839 1961 207
56530 61428 340
61012 29517 219
23101 32095 45
60503 91467 263
5813 88823 263
70196 18477 197
81586 38255 263
69749 94520 263
103438 63478 219
43129 82102 207
91897 18283 11
88823 104384 263
28448 92319 263
20598 82355 269
40756 52515 219
67532 6225 207
23101 39921 45
52304 25126 45
40368 24390 263
95398 12244 205
66421 84890 269
98409 88024 109
76051 90715 205
27506 74351 205
28718 59609 340
360 77272 359
98167 11145 359
42269 22737 263
6697 95653 205
74680 53963 263
18457 38504 263
40029 74786 219
33672 17446 263
25626 42464 219
13691 2951 340
93539 27902 263
3140 52274 11
104862 82737 351
54549 88400 11
94068 29174 269
99069 44672 11
105331 19556 351
53347 44909 340
77007 70704 45
90134 91362 286
18058 87082 45
38918 18058 341
72351 36757 219
49989 23574 263
67506 18279 120
97475 13619 263
34225 13538 332
14826 36156 263
1469 90561 351
2483 39886 207
69698 52944 263
97530 6666 219
105292 35088 277
94993 25403 341
31962 80604 390
14431 69200 143
58175 40229 359
65798 87501 48
47688 29081 48
75657 37236 332
23588 85639 219
95020 52674 277
34233 104573 219
106822 25403 277
45833 73229 45
95663 86941 340
106169 49677 197
28369 25228 263
90142 16973 263
72187 50748 263
28215 64034 263
95144 95369 263
80377 46518 391
94856 66961 340
27515 42342 359
29432 100402 263
17302 85789 332
11160 988 263
32838 50501 11
105655 33553 332
41060 45206 11
94073 64435 340
66547 92011 219
20902 66954 351
26235 73342 351
72403 59777 269
84836 15848 340
87188 7793 205
70465 64483 219
106421 33134 219
22559 38918 341
28373 68322 332
21144 64277 11
105154 98947 263
90049 41371 286
83689 88369 197
62033 41190 351
14821 27453 286
63282 61014 207
76965 92166 263
48743 47116 197
100507 74915 207
14826 64394 263
34327 78755 263
24952 9356 263
49989 6275 263
41829 86992 263
53620 79974 340
18457 85738 263
93480 97129 340
64249 60301 109
70709 46441 332
40879 38983 263
6697 99688 205
4283 83387 11
98176 44630 286
25626 50516 219
23738 28868 263
41397 14493 332
6531 97320 332
29088 36420 282
27267 85189 263
31831 92084 263
36030 69668 263
62470 74260 219
96133 24404 219
54392 64575 120
72374 86723 351
560 55631 11
98466 75072 205
107690 97354 286
95704 107458 11
106065 64972 277
35911 8994 205
84347 74858 205
17719 27984 359
91079 47762 263
106822 66560 277
97530 49904 219
49404 59058 359
69749 101275 263
89656 67759 219
6697 1878 205
85340 56818 11
102990 89619 219
10061 33550 263
28396 60012 269
98466 85915 205
36036 53926 155
64650 30854 197
44248 65354 390
67659 80143 205
46573 20379 197
67659 57039 205
45624 7726 101
93992 28709 207
45606 34321 11
98535 66893 263
9516 26186 277
24952 85752 263
43803 51510 263
19332 12754 120
106505 46031 351
82597 38124 120
79613 13134 143
47512 102457 340
1469 80159 351
575 100340 263
15375 51905 353
31962 70630 390
727 36450 109
100577 89628 219
68412 75078 263
96433 62612 219
77580 35366 11
25844 3269 341
93469 70856 340
24225 65035 48
98280 68898 45
22133 50470 351
8037 4567 351
55847 4576 263
51552 60695 351
51711 35055 263
83884 71113 45
35270 33986 17
27837 24178 277
5813 79417 263
11246 29482 332
101432 48467 286
68412 79540 263
6547 54994 11
53019 94995 269
70024 70728 332
68588 7262 340
78969 10674 353
81873 88399 269
2994 7701 359
74619 72823 263
83555 68827 11
16121 18415 359
11979 44294 263
73832 22819 11
89564 29060 11
74985 18213 263
575 7122 263
75398 106154 263
23010 14717 207
61061 17061 263
99718 97566 219
31781 40484 11
66897 61511 263
72351 36439 219
33407 25194 45
59682 24576 11
11025 36783 263
106133 52021 219
39104 58682 391
16127 48745 341
83535 52984 143
48392 3230 17
89933 28165 359
42337 10659 359
12885 12947 207
16121 41344 359
12150 58210 263
23184 46267 219
87656 64178 390
36288 5554 207
53560 77912 48
91979 2793 351
21874 73436 219
38925 71072 359
99768 12109 11
41933 37988 359
23101 71482 45
61727 83941 263
35187 49705 359
50140 102500 11
15046 18776 263
27621 27629 332
4822 13484 263
1257 99184 11
62163 59065 207
64013 36454 263
68134 47284 353
35509 43754 263
4842 85988 353
10898 93371 263
84194 64396 359
95491 76522 207
61976 31195 263
106822 19265 277
81612 77912 48
1250 13098 205
64361 54784 207
63298 103833 219
27837 67365 277
99412 60882 263
103431 17911 359
75841 80923 197
72051 25415 263
13231 47803 351
67448 3389 207
28396 35180 269
93459 90862 341
12514 94326 155
42791 44125 269
63319 13175 197
46516 98632 155
56040 73445 207
78969 91379 353
15727 78242 332
6697 84705 205
44670 91405 11
102409 16285 263
60414 36041 263
55847 82410 263
79283 106133 219
62333 47417 351
52549 87350 263
75031 53050 219
5530 37432 351
75841 69099 197
64249 98277 109
31962 5493 390
67448 41318 207
29670 40990 390
67659 41088 205
59217 5851 263
37550 34289 219
3409 17000 11
66687 76537 390
59112 64310 263
49989 40908 263
30494 54409 207
98010 39548 263
20953 69509 263
64054 24956 332
59740 1025 263
15460 29675 359
31831 25777 263
95144 75598 263
19557 106173 197
33407 13793 45
48215 13175 197
91897 81182 11
36036 43257 155
11864 58279 207
101155 6953 332
5851 55237 263
53165 40484 11
106426 102967 263
68412 83046 263
52321 71387 263
84347 22974 205
23101 34316 277
98211 71007 197
43830 1449 263
58873 74104 155
57622 67587 263
1707 56656 359
64361 66954 207
23634 91369 263
58881 100420 332
93814 55769 351
63856 80504 332
40029 91455 219
77263 15690 351
42011 41433 263
11141 90873 263
14027 5681 205
36332 86603 48
85504 90637 390
59112 62455 263
102713 78259 332
70728 86316 340
93814 47761 351
57888 21762 143
48705 15887 340
97455 93848 207
97579 70281 11
70496 89487 219
101211 44995 359
61462 70868 205
97536 1752 290
67142 14591 340
101436 31427 263
92926 61730 219
63800 27844 219
102212 991 332
68214 103042 45
72888 49443 391
34854 4983 359
41315 107063 17
17031 105301 332
29194 35481 11
66542 7311 332
95242 40774 332
90393 42983 359
63083 82398 332
68412 98953 263
33746 80236 109
31962 98822 390
83330 42962 207
19265 39469 341
83716 66954 45
37447 91814 390
74619 25688 263
93459 97031 341
34613 11657 219
89591 107490 340
13742 103144 263
99673 5824 101
94068 106367 269
19058 72530 219
36832 33021 263
64650 35718 197
104903 71556 197
50485 88014 219
20270 46735 11
43350 72615 359
23369 72700 332
52839 95000 207
68134 49500 353
30073 101450 101
70162 32266 359
28396 58286 269
98280 14115 45
35268 53926 207
10298 83616 332
59535 70185 332
29376 74076 263
39607 23419 11
51401 53758 11
1469 57924 351
34802 20164 332
67659 10973 205
79737 32382 263
5633 83190 11
84836 16915 340
20763 54175 332
9516 14673 277
7825 18629 219
61462 7653 205
86584 81255 263
101807 93431 390
97530 66241 219
101353 70741 11
23972 2109 263
27842 71138 219
61462 30105 205
102618 13050 332
24952 91296 263
23488 48172 263
65115 46729 351
98017 8181 101
105638 9672 332
95984 73173 109
69235 940 207
42269 19672 263
52652 2 390
11246 101844 340
9731 12853 45
45361 47594 101
19265 59297 120
81433 82878 351
13442 65625 332
53804 80848 11
72331 69815 359
32891 42952 263
10991 95632 269
29849 76417 332
48215 43408 197
6643 101044 263
31218 43800 263
52674 72648 277
26235 61677 351
22117 43280 390
104570 45017 332
24398 71138 219
63305 79663 269
12932 24226 205
76979 65917 263
72337 77142 205
67448 25111 207
2133 17233 269
25626 4582 219
30268 347 332
70728 61804 340
17063 102116 219
89099 89194 197
107748 90243 263
83911 8372 332
81985 23066 263
20598 104501 269
54577 24889 45
63083 64904 332
37354 578 155
55847 98766 263
35189 24545 359
42931 69730 332
26890 26386 219
8159 15359 11
55223 77007 341
62697 58972 219
102212 19120 340
69691 72709 205
3668 34825 11
45982 5306 219
20902 36393 351
50773 64607 263
90781 14247 109
41183 90425 332
3409 23666 11
101048 59489 207
98211 83107 197
29239 70328 219
44071 107063 17
57611 17403 155
80253 26139 359
58873 87214 155
103942 2813 143
55847 81179 263
73607 68255 263
78969 12369 353
23228 100927 11
81586 46385 263
68283 54142 263
23937 85406 219
106951 7978 332
44748 6040 340
55847 46175 263
79852 4677 269
97031 92156 120
35518 93251 353
50405 97538 11
93398 81581 197
102725 47382 263
62007 29937 205
32173 33902 359
64728 88812 205
95020 83716 277
26377 940 45
95167 2547 11
35174 21042 351
96133 106740 219
105742 5099 17
90781 33857 391
6478 99485 359
16098 66967 277
41704 30025 205
36274 13855 263
91460 91239 207
50247 23687 207
83860 100460 263
59945 83445 263
106505 61609 351
43830 101943 263
29675 44104 359
61532 41277 197
18540 68147 340
101155 74651 332
102990 51798 219
22254 68058 332
63302 75592 11
106426 100809 263
68283 37820 263
90049 48467 286
39607 54033 11
62007 474 205
25554 80150 205
31962 81324 390
67448 64020 207
94254 38188 17
383 106507 263
8620 60738 263
34327 69079 263
65814 76576 269
29567 103483 269
3140 78495 11
83330 71689 207
94911 9889 263
91079 46514 263
7206 32478 219
26377 102836 45
39232 74771 391
28718 53902 340
30447 34744 332
36288 49443 207
55628 45037 359
38836 37088 17
30956 27999 332
31192 59365 155
104903 40448 197
64249 70265 109
62886 1870 359
36432 90667 269
60414 100894 263
96423 12269 332
10966 71746 205
56040 69743 207
94848 11444 263
71933 34485 219
54722 68951 359
19429 81671 207
61120 102161 219
58806 53050 143
34327 99714 263
46682 102410 332
14826 82494 263
59945 40368 263
92003 33159 263
23179 17841 359
54970 12041 341
12301 81268 219
104062 24115 197
47060 20964 332
8127 75047 207
79928 31820 351
4305 97164 11
6314 11374 332
88883 35055 263
103721 53962 48
3140 37833 11
383 16408 263
85157 41366 263
81586 103047 263
55847 73870 263
98873 23741 219
102725 93950 263
26137 80492 205
78646 100653 359
41315 29691 17
11769 77186 269
58299 72622 277
50468 67742 286
56040 27050 207
51552 6768 351
3440 105002 332
99740 67705 207
24398 99352 219
23996 75926 143
64650 10094 197
48900 66559 263
14826 2849 263
79686 10304 269
18058 33632 45
93459 107296 341
43984 103097 359
79375 79942 332
56530 95417 340
54247 97949 11
23184 64614 219
68377 36354 263
33065 102983 219
51474 51743 332
93469 18620 340
17022 15809 263
106822 69788 277
57746 99523 207
9516 64575 120
49989 39617 263
74303 68058 332
777 7377 45
10298 83501 332
42844 17000 11
98280 80903 277
84347 31547 205
103390 106628 359
66121 16371 143
98167 104390 359
83761 68363 359
68007 44824 359
67162 14325 219
85966 19589 263
107430 21862 332
66370 79020 207
16825 49510 207
61069 96601 263
75842 72956 286
3604 10938 290
14996 6117 263
36288 102543 207
104244 7978 332
27842 15168 219
102484 39833 359
57746 60149 207
26377 93738 45
55847 106403 263
7608 43152 359
26137 75928 205
89644 76255 353
44071 12480 17
77569 78032 263
39753 63492 263
74619 47463 263
75610 7691 332
37563 36308 205
101432 69621 286
64361 91933 207
40756 63739 219
67142 91916 340
88584 6549 263
12297 98662 11
7928 23360 219
13691 52879 332
13732 44538 332
97165 59478 263
62033 81670 351
67166 78653 205
90049 6149 286
27606 27571 219
51246 31427 263
76937 73366 207
40624 76989 263
84910 71164 290
54982 4321 269
90489 6704 17
23369 45414 332
74979 79302 11
45684 58558 11
84836 91976 340
90540 40594 219
106088 5603 11
38158 30932 11
75842 41834 286
91079 93799 263
24857 83884 277
95984 99226 109
14620 14100 332
99767 96760 263
55847 16216 263
27506 21126 205
74766 73976 269
29849 12773 332
75607 68959 277
91692 25368 340
89784 70322 269
40501 63559 263
85395 41529 286
84347 70418 205
102671 48614 340
61406 39785 340
106279 76322 219
87032 14328 332
60794 68384 17
76742 22229 332
91692 44176 340
95491 83574 207
99718 17302 219
60273 7978 332
71933 6009 219
81433 2494 351
31962 74143 390
59461 63996 263
98280 7290 45
5865 96332 286
76695 48713 359
26890 14536 219
10833 37311 290
57680 43353 263
84696 64277 11
81985 94911 263
70196 16371 143
45593 72648 341
67542 74523 390
91692 32259 340
54421 37587 11
3941 72982 45
103182 83704 155
67544 20233 332
101356 86603 48
58629 86422 286
50773 90218 263
23697 23182 269
100203 85932 219
35270 37088 17
83136 92435 269
68412 66304 263
13742 32308 263
4613 56113 341
105331 91933 351
16944 15180 263
52839 64456 207
81914 17669 340
77978 90661 390
74680 84649 263
12885 32101 207
13742 78789 263
31727 33799 340
64471 18415 359
67423 25724 359
36274 101373 263
7063 99076 263
89960 48608 143
72157 3454 263
77978 62187 390
67249 75607 120
38918 24665 277
62125 2829 101
81526 27266 351
59297 19265 341
9866 42912 109
14487 100894 263
31962 96100 390
90049 72541 286
15697 50140 332
78693 40662 263
104617 345 207
6868 87481 263
74738 96882 351
26219 3004 263
106426 35055 263
6269 2263 155
101035 17752 11
102409 86584 263
7263 80690 263
5655 13883 332
51270 14448 359
47691 85031 286
104473 75374 219
49386 14487 263
95323 93230 340
102361 13853 340
53804 83387 11
70728 55951 340
102713 8214 332
86874 42335 332
99271 5675 263
78316 102591 207
67659 54435 205
69516 98330 263
31209 88234 340
97768 11722 351
10102 100492 263
21536 63063 11
5655 39049 332
98133 7978 332
89784 31895 269
42789 38674 45
77978 98598 390
91924 95770 341
69698 10541 263
27606 7594 219
23892 88975 359
43420 73843 205
18457 59375 263
56322 54784 351
57611 83704 155
107430 75166 332
7928 95221 219
16320 33553 332
71206 32558 143
62125 56380 101
59423 93531 263
17439 68548 205
98947 94248 263
6697 85733 205
95658 235 207
67162 56085 219
45741 67069 219
38380 83666 332
54577 41190 45
61069 42099 263
16679 22955 340
88883 73912 263
9516 94252 277
31218 85579 263
74766 64411 269
9216 15657 359
14725 46031 351
90540 38240 219
33241 9832 390
66965 78300 219
64575 8897 45
7698 7298 263
48891 103316 269
46244 64758 263
65568 81047 263
99718 92595 219
26167 26447 263
99767 34506 263
52730 49125 332
29543 34495 277
8620 63866 263
31831 47106 263
57681 5379 17
42011 84357 263
23488 48049 263
26377 103834 45
57622 50664 263
87823 101906 332
71940 6329 359
46129 59190 219
62511 41472 219
67820 92002 269
99740 96108 207
23486 102762 359
21144 55836 11
